r 1 69
0 0
0 1
0 2

sigma 26 47
0 21
1 22
2 23
3 24
4 25
5 26
6 27
7 28
8 29
9 30
10 31
11 32
12 33
13 34
14 35
15 36
16 37
17 38
18 39
19 40
20 41
21 42
22 43
23 44
24 45
25 46

Fun 47 69
21 0
21 1
21 2
24 3
24 4
24 5
27 6
27 7
27 8
30 9
30 10
30 11
12 15
13 16
14 17
12 18
13 19
14 20
12 21
13 22
14 23
18 24
19 25
20 26
18 27
19 28
20 29
18 30
19 31
20 32
36 33
36 34
36 35
37 36
37 37
37 38
38 39
38 40
38 41
18 42
19 43
20 44
18 45
19 46
20 47
18 48
19 49
20 50
18 51
19 52
20 53
18 54
19 55
20 56
18 57
19 58
20 59
18 60
19 61
20 62
18 63
19 64
20 65
18 66
19 67
20 68

CondTrue 69 69

CondFalse 69 69

Tick 3 69
0 0
1 1
2 2
0 3
1 4
2 5
0 6
1 7
2 8
0 9
1 10
2 11
2 15
2 16
2 17
2 18
2 19
2 20
2 21
2 22
2 23
0 24
0 25
0 26
0 27
0 28
0 29
0 30
0 31
0 32
0 33
1 34
2 35
0 36
1 37
2 38
0 39
1 40
2 41
1 42
1 43
1 44
1 45
1 46
1 47
1 48
1 49
1 50
1 51
1 52
1 53
1 54
1 55
1 56
1 57
1 58
1 59
1 60
1 61
1 62
1 63
1 64
1 65
1 66
1 67
1 68

Body 23 26
1 0
1 1
1 2
5 3
5 4
5 5
6 6
6 7
6 8
7 9
7 10
7 11
11 12
12 13
13 14
14 15
15 16
16 17
8 18
9 19
10 20
4 21

Arg3 47 69
33 15
33 16
33 17
34 18
34 19
34 20
35 21
35 22
35 23

Arg2 47 69
42 3
42 4
42 5
42 6
42 7
42 8
42 9
42 10
42 11
39 15
39 16
39 17
40 18
40 19
40 20
41 21
41 22
41 23

Arg1 47 69
18 3
19 4
20 5
18 6
19 7
20 8
18 9
19 10
20 11
18 15
19 16
20 17
18 18
19 19
20 20
18 21
19 22
20 23
46 24
46 25
46 26
46 27
46 28
46 29
46 30
46 31
46 32
6 42
7 43
8 44
6 45
7 46
8 47
6 48
7 49
8 50
6 51
7 52
8 53
6 54
7 55
8 56
6 57
7 58
8 59
6 60
7 61
8 62
6 63
7 64
8 65
6 66
7 67
8 68

Var3 7 26

Var2 7 26

Var1 7 26
6 0
6 1
6 2
0 3
0 4
0 5
0 6
0 7
0 8
0 9
0 10
0 11
1 12
1 13
1 14
2 15
2 16
2 17
3 18
3 19
3 20
5 21

Call3 1 69
0 15
0 16
0 17
0 18
0 19
0 20
0 21
0 22
0 23

Call2 1 69

Call1 1 69
0 24
0 25
0 26
0 27
0 28
0 29
0 30
0 31
0 32
0 42
0 43
0 44
0 45
0 46
0 47
0 48
0 49
0 50
0 51
0 52
0 53
0 54
0 55
0 56
0 57
0 58
0 59
0 60
0 61
0 62
0 63
0 64
0 65
0 66
0 67
0 68

If 1 69

Set 1 69
0 3
0 4
0 5
0 6
0 7
0 8
0 9
0 10
0 11

PrimInt 1 69
0 33
0 34
0 35
0 36
0 37
0 38
0 39
0 40
0 41

PrimBool 1 69

PrimVoid 1 69
0 0
0 1
0 2

